-503.2055390595781 -168.04577691122887 1067.2091226796583 -0.12800918287278723 -0.7036166673341885 -0.6989543866017089
-424.1181370349539 -165.50459005350123 1040.7395539965792 0.1597095513606402 -0.5939999496508716 -0.7884522300171044
-355.86485138173396 -164.50248323634824 1023.5667559001178 0.12760733461241094 -0.46706582099110183 -0.8749662204994111
-290.08378258288695 -163.93242996706644 1023.7561189189015 -0.06517537641308453 -0.6020824060957112 -0.795769405405493
-219.02678010469455 -165.48667511444478 1041.3211209739852 -0.005875377267598945 -0.6660383106515009 -0.7458943951300736
-145.49168631508053 -164.3746063783169 1014.6783787071984 -0.045215781955152134 -0.6344891355265365 -0.7716081064640085
-70.65168170726534 -161.23583464937488 1037.978973450864 0.0015580722943307314 -0.6556018692101593 -0.75510513274568
3.1644213994666566 -163.91065575543544 1042.3764646814807 0.034650884681252596 -0.67921851304148 -0.7331176765925969
64.81431785476732 -165.39770188223034 1018.7407262795057 -0.16592521522929743 -0.5459902445513339 -0.8211963686024714
139.0450913905887 -162.88647231223996 1021.5311059142232 -0.04984400586830972 -0.5917290877033707 -0.8045944704288842
215.21085287464675 -164.62278408756725 1036.7935552057806 0.13525103058567897 -0.6778182366104518 -0.722682223971096
290.7209066225866 -164.48519582510565 1046.2342392231064 0.05944717292770164 -0.671265992123503 -0.7388288038844675
364.1064366856227 -164.45337488943252 1044.630784829379 0.09433479706049343 -0.5594239529356005 -0.8234960758531048
437.56372286295584 -165.27478799822129 1085.039440876234 0.23145945626598136 -0.7062541162922067 -0.6690527956188288
499.60870822663594 -167.02430951900055 1077.6193033773982 0.07801746066586088 -0.640298938057457 -0.764153483113009
513.4189818174281 -144.3591730264571 1078.822975204228 0.4759593768734697 -0.6000809094784681 -0.6429351239788607
432.67559109226147 -144.7862063054312 1040.3398770032388 0.06099822817251072 -0.6404775343895602 -0.7655506149838063
362.7375369125447 -143.1229226370207 1026.6711641974116 0.11489471199957338 -0.6130510440164983 -0.7816441790129421
289.098109822089 -142.72526172368222 1026.8096101846604 0.06968670939702715 -0.6734378153798788 -0.735951949076698
214.23343356642425 -141.52191354962147 1025.5873130598497 0.12914640018318882 -0.6404499692863023 -0.7570634347007509
143.6344309740931 -142.4773550148784 1002.9950693123949 0.01933942727035619 -0.622319173185716 -0.7825246534380252
72.78680028200054 -142.07361031727478 1008.5459125894935 0.01432382126396104 -0.6529443416637164 -0.7572704370525327
0.0673510065360361 -145.26637090083335 1010.6350182433471 0.020421231729942344 -0.6640323629349412 -0.7474249087832641
-69.84453335913554 -146.06138951342214 1022.3020047466107 0.005670904649896258 -0.7224116555402579 -0.6914399762669464
-140.08733118984543 -141.06288861787107 1021.9507733803621 -0.01900632181949379 -0.6934581944775033 -0.7202461330981894
-211.50612467906092 -140.89057455576219 1057.408759646531 0.022233730161506864 -0.8394666307873614 -0.5429562017673445
-289.5160236592751 -141.45025325554386 1032.257223590092 -0.05653970711984611 -0.6185432988899341 -0.7837138820495395
-366.20466812248645 -144.97476317300232 1012.3312395570431 -0.18776313208697548 -0.49665757841480634 -0.8473938022147846
-427.62204746602475 -145.89786205574083 1015.8120759210137 0.02613735817160346 -0.5491125177104058 -0.8353396203949316
-513.2842810894534 -144.01896672468087 1033.0508948015365 -0.45274055350958303 -0.432461450192731 -0.7797455259923177
-466.3808212339664 -114.89609024809394 1115.515688000297 0.9404613579972949 -0.14067953768039013 -0.3094215599985165
-433.1185357490456 -117.17539291299634 1004.6278922030494 -0.106671914234549 -0.5609321671498275 -0.8209605389847524
-357.16217206421516 -122.04518398788565 1002.0933615385132 0.03972818674429032 -0.6059196955866094 -0.7945331923074338
-285.0073651581875 -125.45106113136787 1004.3753352753247 -0.01687662529172264 -0.5887714950086066 -0.8081233236233768
-219.64415860608023 -120.82410650703295 1004.7512857086556 -0.05069179062405615 -0.6580755569904385 -0.751243571456722
-140.036847174722 -118.96774338404855 996.9246454376752 0.004326038307211937 -0.64758990347916 -0.7619767728116237
-71.25232334277045 -119.2843463465668 995.8629663454226 -0.049463319958619544 -0.6407731922561576 -0.7661351682728869
-0.3710797290350534 -123.65024247920556 996.2983373327153 0.05907725808766585 -0.6771081389580238 -0.7335083133364234
70.24015591543444 -118.137237827202 997.0253895052358 0.010268127553891447 -0.6499903919910319 -0.7598730524738208
143.99874532174542 -122.2621073580815 986.1500539513179 0.033033458894551365 -0.6195652921255356 -0.7842497302434104
212.1640514993083 -117.19402404384597 1003.7447908330219 0.06626380961928131 -0.6771817289921067 -0.7328260458348902
287.90262673848537 -123.3785693085743 982.5125648347048 0.07453384552665823 -0.5091622485826356 -0.8574371758264758
363.0927901842616 -123.49466354964301 1026.1618453640308 0.09641610133789802 -0.6778068870822181 -0.7288907731798459
429.7756577024065 -120.86227072493364 1031.7376999099881 0.024597995998848887 -0.6109182006196213 -0.7913115004500597
503.9370694721382 -118.06078906678967 1037.4535627572538 0.19167648746393315 -0.5970317225367212 -0.7789821862137312
503.8292102206514 -97.35215267331388 1016.2355580872697 0.17946660739962988 -0.5671521773216396 -0.8038222095636514
427.61894524745196 -98.7626846403587 1012.6811721803354 0.046513986122896166 -0.5681720863384997 -0.8215941390983236
365.7666924227133 -98.33538344652466 1000.1822008332051 0.15895418128631048 -0.5798192347522196 -0.7990889958339743
286.8934986859059 -101.57812406600354 975.3842312068879 0.09217593169022434 -0.5567074366429171 -0.8255788439655607
216.62683434025138 -100.70552162491566 964.8454208740359 0.08981520811746894 -0.541679698088603 -0.8357728956298209
143.51233759236635 -96.51079210330163 966.3047953154066 0.04379484283818393 -0.637896286512208 -0.7688760234229662
72.21012169989065 -100.14881732724362 941.9370537227458 -0.005461183961091315 -0.6222308830284649 -0.7828147313862712
-0.8493903306185162 -98.24266082639646 975.2259474637276 0.005074094977356905 -0.6498795687463288 -0.760020262681362
-69.69851603808563 -97.85510536051726 974.7498332411635 0.001830133782382304 -0.6465129298061097 -0.7629008337941824
-137.0132535498347 -97.5650042633575 964.9929802643694 0.10412738030474115 -0.5760078232388244 -0.8107850986781535
-193.9230419136538 -93.67193212755032 969.6529014089118 0.49222412989803105 -0.3661055272903617 -0.7897354929554404
-289.0991662028714 -102.04060971698715 995.2685277878604 -0.07890149698912965 -0.59659112748719 -0.7986573610606977
-361.17462437727033 -97.84135889223347 992.1363826570985 -0.04158270310635363 -0.6144385703544254 -0.7878680867145076
-431.6432997193783 -99.1429424266031 993.3596141563005 -0.11716836015036067 -0.577131888728369 -0.8082019292184974
-508.8163747006871 -95.74111175093435 1001.4345372256237 -0.327391244478759 -0.5442869262206333 -0.7723773138718824
-507.2156483502493 -78.84820072573389 992.5025562875753 -0.26536861436190556 -0.5190799728219406 -0.8124872185621235
-409.0954698392331 -71.13061634365451 975.3432056226563 0.6325384377380877 -0.09041140016193779 -0.7692339718867188
-327.98395280043377 -71.36070809576736 1068.8475963454432 0.9501806766943574 -0.0950243323768299 -0.2968620182727842
-303.97167951672765 -75.1821145818711 969.9154608885049 -0.42193215470581125 -0.5151925800498977 -0.746022695557475
-215.37502021255276 -74.22874493181027 944.1722461653046 -0.05323849451073824 -0.6182977061103616 -0.7841387691734767
-141.92648868131982 -77.71385014367529 962.8374159357294 -0.027593932000746998 -0.6296818171639066 -0.7763629203213525
-72.20991904849365 -76.6794994735497 948.758240914715 -0.06209743619337066 -0.6109774019059805 -0.7892087954264246
-5.184331271705736 -79.14782391501865 1007.1717472407587 -0.14596059090971777 -0.8557981580845159 -0.4962912637962067
70.8716916902124 -77.42394665425749 974.940703787992 0.02323955919826241 -0.7403257585519445 -0.6718464810600396
142.9200025461001 -78.59308306239875 958.3100797250244 0.05551873067651086 -0.6060985073584296 -0.7934496013748781
212.84891190838079 -79.02999334774765 970.3743683047862 0.07712327067036893 -0.6170593881653416 -0.7831281584760692
290.0793335333231 -73.90436292919827 958.7760866252881 0.07329463299637982 -0.5776046058114971 -0.8130195668735599
368.4749409279777 -73.84129949255914 962.2013075321233 0.24148936826706832 -0.37648800716429565 -0.8943934623393831
430.2054395173748 -78.00644389706196 1005.1110022169064 0.007215609966194692 -0.6326001060042091 -0.7744449889154678
499.7277871426388 -75.79881798453317 990.9517901588421 0.05242122781170915 -0.5282148581692707 -0.8474910492057897
503.77880092076225 -55.673694873316734 982.408802222265 0.19016792404534688 -0.5196349499781286 -0.8329559888886753
426.62665977116194 -57.4469832953434 1024.7774385518353 -0.10483543157014918 -0.8435538814894948 -0.5267128072408228
362.99251379940796 -54.7544990685736 984.309684412533 0.14055263966916695 -0.6230483325487471 -0.7694515779373353
291.77057675972713 -55.80295966455561 955.7663053611659 0.05730655779523352 -0.6330723772428573 -0.7719684731941706
213.53015754266906 -57.18990744708676 937.4001187869868 0.08094192276612139 -0.5269239106701016 -0.8460494060650655
141.37280593390523 -55.42104661635742 928.9034259099628 0.0217214764332382 -0.5377368593933842 -0.842832870450186
71.56962592456544 -55.907143730210294 926.4286877818823 0.050849863291028835 -0.5753053594115317 -0.8163565610905887
-0.23452397333582922 -56.646889862094945 934.3795197993225 0.0048014640918599884 -0.632369040641825 -0.7746524010033872
-70.13170801223345 -55.84790103539719 926.2072772077704 0.010068142528886374 -0.5857716336700249 -0.8104136139611476
-141.67536275614367 -54.914558147311354 930.6498357109981 -0.03293194781877714 -0.6016895987166526 -0.7980508214450097
-211.89667489570573 -59.70847246502816 952.4911142438874 -0.01817635412615863 -0.6407379885714598 -0.7675444287805628
-292.9444471731148 -56.87153185308626 943.2796327375485 -0.10300802589014196 -0.5691557679189372 -0.8157518363122579
-361.57249807870676 -55.84255845128672 948.6810583176722 -0.06723753417268415 -0.5968311094851918 -0.7995447084116386
-432.2614545495176 -57.33646636302677 959.2068717374257 -0.08173109813450223 -0.6027731814978375 -0.7937156413128718
-509.0532674121552 -55.35755011855574 972.3810491965752 -0.35976890471664114 -0.4939069554192944 -0.7915947540171244
-516.4473257999957 -32.52895132264919 970.3995931682673 -0.5699012608235081 -0.34559986975846907 -0.7455020341586635
-426.21691003197026 -30.52480497386929 902.2150178808997 0.11488129915741015 -0.16650827784533664 -0.9793249105955009
-359.97976869292404 -32.59520994980587 925.2436312829209 -0.05272077496811032 -0.5570827367904652 -0.8287818435853957
-290.15083886065497 -37.04698031602857 930.7418313408272 -0.08027213725776845 -0.5574942387733522 -0.8262908432958643
-210.5070796328693 -36.968939203705276 924.9363460729711 -0.01875869190655995 -0.5907749813327917 -0.8066182696351443
-139.19869454554228 -39.54267119306292 1018.8474310633082 0.042263364124077545 -0.9528882251274676 -0.30036284468345936
-69.58805382969503 -36.02343334832831 918.4390124201776 0.006045416369049166 -0.5992956677134121 -0.8005049378991116
7.804039691858454 -37.11803285664514 925.016361843587 0.2518417595869748 -0.5936273505893792 -0.7643181907820659
72.26974920914216 -35.16286154234268 918.3604141961348 0.0574587824251601 -0.5994489741026932 -0.7983479290193258
143.01072814948265 -37.5071099162682 922.8043361223203 0.07690768546679627 -0.5678543313531792 -0.8195283193883991
196.09190977911896 -36.639811621658836 960.4099934763926 -0.41558234229344115 -0.6460427327247784 -0.6402500326180371
284.39183264549365 -34.15888553729821 926.5811876080063 0.08222260616047905 -0.5706108454506789 -0.8170940619599681
361.9599365100259 -36.28843672652228 936.5836882632555 0.12330952730195019 -0.5751069695852825 -0.8087315586837222
429.80825010614603 -35.57121877574981 962.0175724408134 -0.015687767905635162 -0.6207998281104047 -0.783812137795933
505.623018087406 -35.19233779583021 962.9972051742523 0.24233196616281127 -0.5000260211220243 -0.8314139741287386
506.65176109639515 -14.0863921767387 953.0289974088367 0.25831962828695865 -0.4304611204358444 -0.8648550129558162
435.2907522186134 -15.25887199307644 941.2244943926037 0.16327742777413404 -0.5396148626661263 -0.8259275280369823
364.69523384983154 -14.720453876291703 916.7866539521989 0.13796337118766563 -0.4967348536392917 -0.8568667302390062
293.05089018332075 -12.489914748808527 914.251281626176 0.11523542460228893 -0.5540880442156048 -0.8244435918691201
213.5784283786428 -10.6730283659956 911.1344449113525 0.06864591638718974 -0.5619354560767332 -0.8243277754432374
155.97662466318556 -14.285414033783034 910.7250656446031 0.48135047365471473 -0.380933601959952 -0.7894246717769838
72.02964645226372 -14.007340575712238 901.7613203240237 0.036202557627274166 -0.6052084865188698 -0.7952433983798816
0.24030260076488258 -15.056131428657883 893.4505600170141 0.015077083923144654 -0.5561469522472561 -0.83094719991493
-72.54115668981329 -11.985285033458542 892.1000541774711 -0.007960375380526899 -0.5938996702149968 -0.804499729112645
-140.73280965692896 -14.324662766231604 896.4267935299531 -0.029464189675599776 -0.5652897542268857 -0.8243660323502344
-212.99428458719214 -15.60499927378553 898.4089544770954 -0.046434139486631915 -0.5734048450337774 -0.8179552276145228
-290.6193419938046 -16.55445052950179 920.8238727124578 -0.09553235868665759 -0.5556930292895578 -0.8258806364377109
-361.60356868939493 -13.190991150281995 912.959365436853 -0.04725293766890431 -0.543615527953737 -0.8380031728157349
-432.46957016269516 -15.960053072726515 922.8612592882024 -0.10043084964633711 -0.5506181890575387 -0.8286937035589876
-515.8144289287858 -11.69869170342177 952.4240460550578 -0.56123144162796 -0.2694219236547386 -0.7825797697247111
